[2.869506060275963E-24, 4.178244203976196E-27, 2.80225201198839E-27]
[2.869506060275963E-24, 4.178244203976196E-27, 2.80225201198839E-27]
[2.869506060275963E-24, 4.178244203976196E-27, 2.80225201198839E-27]
[2.869506060275963E-24, 4.178244203976196E-27, 2.80225201198839E-27]
[1.2464367402475802E7, 32918.01347980925, 22250.531492509635]
[1.4817001285010175E11, 2.18102253429524E8, 8.900964617036149E7]
[3.302890534987286E11, 4.735916903501754E8, 2.0120573504274333E8]
[4.540304932913419E11, 6.12702371462027E8, 2.4960603944128102E8]
[5.885267349957919E11, 6.66637052457449E8, 2.836744384765035E8]
[6.697008508446649E11, 7.71084051310421E8, 3.833882325394801E8]
[7.869031794212075E11, 9.350440302787676E8, 4.971083723386274E8]
[8.075412454039491E11, 9.653739550148938E8, 5.172691912377692E8]
[8.084916754826929E11, 9.667543594042846E8, 5.182081795166529E8]
[8.085005624661655E11, 9.667641475650415E8, 5.182151000121665E8]
[9.435881852682592E11, 1.2669150269027183E9, 7.083532520634105E8]
[9.492300533035052E11, 1.2744252736805217E9, 7.138700117586077E8]
[9.673717434943436E11, 1.2999030617357864E9, 7.294942559424591E8]
[1.0816798250099808E12, 1.4973733391085405E9, 8.776578928461881E8]
[1.1098277206483875E12, 1.5386526655189583E9, 9.038651020607473E8]
[1.1367305907934011E12, 1.5765521359568248E9, 9.285110929600916E8]
[1.136745624654837E12, 1.5765663801161935E9, 9.28521868358024E8]
[1.1367642542353972E12, 1.5766042124353123E9, 9.285526507468377E8]
[1.17755698716052E12, 1.625360039618227E9, 9.683823381260775E8]
[1.177568224328888E12, 1.6253801804273574E9, 9.683955416176357E8]
[1.189349896916627E12, 1.6404757080154536E9, 9.799055145510198E8]
[1.1893603451341152E12, 1.640491483925385E9, 9.799159884474634E8]
[1.1893705032883047E12, 1.6405067587270172E9, 9.799254795874444E8]
[1.1893796597634739E12, 1.6405286099894233E9, 9.799376115150056E8]
[1.190055518886916E12, 1.6415469507295508E9, 9.805984665533972E8]
[1.1900637942916157E12, 1.6415600917063608E9, 9.806058531599184E8]
[1.2915972668809043E12, 1.7973727605808184E9, 1.118073911214725E9]
[1.3568545852466907E12, 1.8954596787981932E9, 1.1829362540477893E9]
[1.4220747276375305E12, 1.9748614940617023E9, 1.2466358517251194E9]
[1.4890920187418782E12, 2.0565643418550642E9, 1.3095439701730022E9]
[1.6383016736984746E12, 2.291817551082184E9, 1.4450081873357966E9]
[1.7167997922046125E12, 2.4366247343300166E9, 1.5526168792555735E9]
[1.8119208470313699E12, 2.622792098849172E9, 1.6855106600159705E9]
[1.9143910826824473E12, 2.7713996834472985E9, 1.785662312069339E9]
[1.9912231577189963E12, 2.8624893925434055E9, 1.855373239919252E9]
[1.9912327920805405E12, 2.86250339039123E9, 1.855378237698743E9]
[1.9912445472985042E12, 2.8625326840925264E9, 1.8553902678979812E9]
[1.9912571017819648E12, 2.862542294638117E9, 1.8553960719296024E9]
[2.0502936479597737E12, 2.9608952450637336E9, 1.9130658189901865E9]
[2.0503016415506057E12, 2.9608988077001424E9, 1.913069618857279E9]
[2.0503053870704136E12, 2.9609030774936757E9, 1.913071536628958E9]
[2.0503133733151997E12, 2.960910655980163E9, 1.9130756724252555E9]
[2.085141283163334E12, 2.9990973422110333E9, 1.9436138394154592E9]
[2.0851503755102869E12, 2.999108229235654E9, 1.9436235027614496E9]
[2.158613629722344E12, 3.088831476005143E9, 2.0153601361283703E9]
[2.277382924679089E12, 3.2592808160601845E9, 2.1313464300189233E9]
[2.38365845236913E12, 3.3941155718551617E9, 2.235131826411265E9]
[2.48659053925558E12, 3.563788546272922E9, 2.3625979387640533E9]
[2.4865959017750493E12, 3.563795433490053E9, 2.3626043143354044E9]
[2.486607480416542E12, 3.5638146801142554E9, 2.3626193844016786E9]
[2.597247579320953E12, 3.7309933019375095E9, 2.4894204834023447E9]
[2.653792054500395E12, 3.818437870104011E9, 2.5446406272503986E9]
[2.653800963988001E12, 3.818448312397868E9, 2.54465106462158E9]
[2.653810280141195E12, 3.818454635630111E9, 2.544658968757169E9]
[2.6538202686691523E12, 3.818467285254538E9, 2.5446682352246156E9]
[2.766906313689195E12, 3.9933282352813067E9, 2.655121045343031E9]
[2.7669149440751216E12, 3.993354356089226E9, 2.6551373922132874E9]
[2.833899864371166E12, 4.087356252151405E9, 2.7205702787728353E9]
[2.9150076574599106E12, 4.2190698101423965E9, 2.809380335630493E9]
[2.915593441866707E12, 4.2199542035676804E9, 2.809965858153865E9]
[3.061018033587258E12, 4.403585094776087E9, 2.9198043740073147E9]
[3.0610257301661E12, 4.403605292182791E9, 2.9198198305865507E9]
[3.082183202560976E12, 4.443937741434728E9, 2.9474035347538424E9]
[3.152542352437409E12, 4.566789680439543E9, 3.033509825565328E9]
[3.217061763264231E12, 4.668025577153735E9, 3.1087408366054454E9]
[3.2369885624274277E12, 4.692016152435986E9, 3.1282031639613338E9]
[3.344415321950589E12, 4.86011422884308E9, 3.2331193862902985E9]
[3.349159466118435E12, 4.867503129354425E9, 3.2377675922102265E9]
[3.5038091479093076E12, 5.092661145862526E9, 3.4173567518070483E9]
[3.5248272553669106E12, 5.125497591149585E9, 3.4378863976091976E9]
[3.696973499042435E12, 5.360646017589532E9, 3.558791663456911E9]
[3.6969899257287705E12, 5.360667424038422E9, 3.558804510345668E9]
[3.8134228498449287E12, 5.530636217927209E9, 3.67249776253496E9]
[3.8853958453687056E12, 5.61668185190526E9, 3.742792482812661E9]
[3.8854024454357646E12, 5.616688496675979E9, 3.7427956991086073E9]
[3.8854133065381836E12, 5.6167053938201275E9, 3.742803976524374E9]
[3.9688696231118677E12, 5.755036010329826E9, 3.835860256712162E9]
[3.971576055512537E12, 5.758905932794753E9, 3.8385023725629845E9]
[3.9715855290500586E12, 5.758918147378128E9, 3.8385170462369475E9]
[4.0987410257242637E12, 5.955412115921373E9, 3.999200283966446E9]
[4.1852909172649478E12, 6.053202947967126E9, 4.064443134494216E9]
[4.308562981562209E12, 6.25816384429174E9, 4.2062582801868696E9]
[4.3091081669154175E12, 6.258937695278379E9, 4.2067561781968193E9]
[4.3656875491398457E12, 6.360281029167245E9, 4.284586960359788E9]
[4.461096494426157E12, 6.5263943663593235E9, 4.380782348330883E9]
[4.559633082900953E12, 6.646287914112232E9, 4.481289221814173E9]
[4.709264455563769E12, 6.914919962271618E9, 4.696788523316188E9]
[4.731234834394117E12, 6.94927576641641E9, 4.718243870939341E9]
[4.742373107988163E12, 6.966192501913035E9, 4.7291221224935875E9]
[4.771791831245732E12, 7.001795063364635E9, 4.759038477167538E9]
[4.771805141479822E12, 7.001807234995163E9, 4.759043253607294E9]
[4.7718117264334E12, 7.001813303651809E9, 4.759047885396546E9]
[4.930489890084583E12, 7.261984851490317E9, 4.979186575141684E9]
[5.051118039356492E12, 7.42391804632282E9, 5.078947947323819E9]
[5.167351302723832E12, 7.616607366765594E9, 5.225478953044621E9]
